0 2 0 8 35 30 0 12 9 16 0 21 26 28 0 0 27 20 22 33 0 0 36 17 13 0 5 14 23 0 31 18 15 0 19 0
0 0 18 21 0 0 0 35 0 15 3 27 9 5 13 2 30 10 32 8 7 20 25 34 17 26 28 0 11 0 0 0 36 16 0 0
10 0 0 0 0 9 19 30 2 1 0 17 0 0 33 0 0 34 5 0 0 28 0 0 16 0 27 18 12 36 6 0 0 0 0 26
0 7 0 0 16 0 0 13 20 0 23 0 0 0 6 25 0 17 15 0 2 18 0 0 0 31 0 21 1 0 0 29 0 0 3 0
34 0 0 20 0 15 26 8 4 28 11 0 1 12 0 24 0 14 16 0 31 0 9 27 0 29 30 6 33 25 7 0 2 0 0 17
17 3 0 0 12 0 14 0 18 5 0 0 0 16 19 0 35 11 26 1 0 23 30 0 0 0 10 32 0 8 0 9 0 0 27 22
2 0 24 5 7 22 0 1 23 0 0 25 0 8 26 13 11 0 0 27 16 3 17 0 33 0 0 28 19 0 29 30 9 15 0 34
33 26 0 0 14 0 0 0 0 9 5 2 27 6 0 36 0 0 0 0 21 0 31 28 3 34 12 0 0 0 0 16 0 0 18 32
13 0 3 0 28 18 32 0 0 19 33 0 7 0 15 0 25 2 36 6 0 29 0 9 0 8 4 0 0 35 11 5 0 20 0 31
0 0 12 0 0 0 3 22 0 0 0 0 0 0 28 16 0 31 18 0 26 4 0 0 0 0 0 0 6 21 0 0 0 23 0 0
0 0 34 0 0 0 21 18 0 0 0 31 12 19 0 35 33 3 30 2 13 0 23 24 5 0 0 0 16 22 0 0 0 28 0 0
4 0 21 0 0 35 11 16 8 12 28 0 32 30 0 0 0 18 14 0 0 0 19 33 0 13 20 1 25 7 27 0 0 24 0 10
6 24 25 0 31 16 0 19 0 0 22 5 0 34 8 23 15 4 33 30 3 2 32 0 29 9 0 0 28 0 18 14 0 35 1 36
0 0 0 0 0 12 0 0 0 0 0 0 0 0 0 0 0 0 0 0 0 0 0 0 0 0 0 0 0 0 17 0 0 0 0 0
23 27 8 22 26 28 15 0 16 0 0 33 19 24 0 0 7 0 0 17 0 0 4 18 30 0 0 36 0 5 2 32 10 12 34 29
0 35 0 0 0 0 0 0 0 0 8 0 0 0 0 0 0 16 31 0 0 0 0 0 0 24 0 0 0 0 0 0 0 0 4 0
0 0 0 10 18 0 0 0 0 0 20 0 25 0 0 0 0 5 27 0 0 0 0 36 0 6 0 0 0 0 0 21 24 0 0 0
3 36 1 34 11 0 6 0 13 0 12 0 31 32 0 29 0 0 0 0 15 0 21 25 0 20 0 16 0 4 0 23 30 7 26 5
19 21 6 17 8 0 16 0 29 0 30 0 22 25 0 34 0 0 0 0 18 0 7 15 0 4 0 20 0 32 0 33 27 31 23 12
0 0 0 23 25 0 0 0 0 0 7 0 21 0 0 0 0 24 13 0 0 0 0 16 0 35 0 0 0 0 0 28 4 0 0 0
0 13 0 0 0 0 0 0 0 0 1 0 0 0 0 0 0 32 3 0 0 0 0 0 0 18 0 0 0 0 0 0 0 0 29 0
26 28 4 15 34 31 33 0 14 0 0 18 11 29 0 0 20 0 0 23 0 0 5 10 36 0 0 13 0 2 21 3 1 22 17 25
0 0 0 0 0 3 0 0 0 0 0 0 0 0 0 0 0 0 0 0 0 0 0 0 0 0 0 0 0 0 30 0 0 0 0 0
27 9 33 0 10 5 0 15 0 0 21 4 0 23 31 18 28 1 11 32 29 19 22 0 7 25 0 0 30 0 36 8 0 13 24 2
36 0 14 0 0 23 24 28 5 4 18 0 6 26 0 0 0 12 9 0 0 0 27 19 0 1 7 33 20 30 32 0 0 29 0 3
0 0 11 0 0 0 31 25 0 0 0 1 4 17 0 10 8 30 21 20 35 0 34 7 14 0 0 0 24 3 0 0 0 2 0 0
0 0 9 0 0 0 23 34 0 0 0 0 0 0 20 19 0 28 29 0 8 5 0 0 0 0 0 0 4 6 0 0 0 14 0 0
7 0 15 0 17 8 22 0 0 14 29 0 33 0 2 0 36 35 25 28 0 31 0 26 0 12 19 0 0 16 13 24 0 10 0 20
30 6 0 0 27 0 0 0 0 32 9 8 23 7 0 1 0 0 0 0 12 0 3 13 22 10 36 0 0 0 0 34 0 0 11 28
35 0 10 26 3 21 0 6 7 0 0 19 0 13 34 11 14 0 0 18 32 24 2 0 15 0 0 31 17 0 9 1 22 5 0 33
18 15 0 0 5 0 12 0 11 8 0 0 0 33 9 0 26 19 24 16 0 30 28 0 0 0 3 4 0 1 0 31 0 0 25 21
9 0 0 3 0 36 18 17 24 21 27 0 34 4 0 22 0 7 8 0 14 0 10 11 0 30 26 25 31 20 28 0 35 0 0 13
0 22 0 0 21 0 0 9 15 0 2 0 0 0 35 5 0 29 12 0 33 27 0 0 0 23 0 19 36 0 0 11 0 0 7 0
32 0 0 0 0 10 1 20 26 33 0 6 0 0 12 0 0 8 4 0 0 13 0 0 18 0 11 5 7 14 22 0 0 0 0 27
0 0 28 27 0 0 0 4 0 36 16 7 30 31 11 15 24 23 19 3 5 26 35 21 6 33 29 0 32 0 0 0 12 18 0 0
0 8 0 11 23 34 0 5 31 30 0 29 36 20 0 0 10 25 7 9 0 0 1 2 27 0 22 24 15 0 3 26 14 0 33 0