0 8 14 0 10 0 0 15 7 3 0 16 4 0 12 13
0 15 12 16 0 1 0 7 13 4 9 0 0 11 0 5
9 0 0 5 0 4 0 13 12 2 14 1 3 6 0 7
13 0 0 0 14 5 0 3 11 0 6 0 1 0 10 16
0 3 11 4 0 10 15 6 16 0 0 5 0 8 0 0
1 0 2 0 0 9 0 0 10 0 0 8 16 0 0 15
10 0 0 15 5 8 1 0 0 0 3 6 12 0 13 0
8 14 5 0 3 12 0 0 9 13 0 2 11 10 1 0
5 0 9 0 12 2 0 0 3 6 0 14 15 0 4 0
4 1 3 0 15 0 8 0 2 0 16 7 6 0 11 10
0 0 6 14 1 7 3 5 4 10 11 9 0 12 0 2
11 2 13 0 0 14 6 4 0 0 1 12 0 0 9 3
0 10 8 3 4 0 13 12 0 0 2 0 0 0 6 9
14 13 15 11 9 6 5 8 0 7 10 3 2 0 16 0
16 12 0 0 2 3 10 14 15 0 8 4 5 0 7 11
2 5 4 9 0 0 0 1 6 0 0 13 10 15 0 8